#Norm : Global Normalization , Reference Feature : TSS, Target feature : ATAC , Total Sequence Len : 132041625 , Total Reference Counts : 5711 , Total Target Counts : 13582524
    -50.0 6.314e+00
    -49.0 6.048e+00
    -48.0 6.388e+00
    -47.0 6.411e+00
    -46.0 6.239e+00
    -45.0 6.324e+00
    -44.0 5.699e+00
    -43.0 5.987e+00
    -42.0 5.862e+00
    -41.0 6.201e+00
    -40.0 6.646e+00
    -39.0 5.951e+00
    -38.0 6.322e+00
    -37.0 6.840e+00
    -36.0 6.538e+00
    -35.0 6.210e+00
    -34.0 6.140e+00
    -33.0 5.883e+00
    -32.0 6.259e+00
    -31.0 6.821e+00
    -30.0 6.955e+00
    -29.0 7.091e+00
    -28.0 6.988e+00
    -27.0 6.851e+00
    -26.0 7.434e+00
    -25.0 6.407e+00
    -24.0 7.110e+00
    -23.0 7.272e+00
    -22.0 7.098e+00
    -21.0 6.550e+00
    -20.0 7.076e+00
    -19.0 6.988e+00
    -18.0 6.673e+00
    -17.0 6.319e+00
    -16.0 6.360e+00
    -15.0 6.228e+00
    -14.0 6.889e+00
    -13.0 6.836e+00
    -12.0 6.600e+00
    -11.0 7.051e+00
    -10.0 1.102e+01
     -9.0 6.555e+00
     -8.0 5.997e+00
     -7.0 5.929e+00
     -6.0 6.681e+00
     -5.0 1.268e+01
     -4.0 2.720e+00
     -3.0 1.004e+01
     -2.0 4.024e+00
     -1.0 1.158e+01
      0.0 1.272e+01
      1.0 6.028e+00
      2.0 6.802e+00
      3.0 4.256e+00
      4.0 5.951e+00
      5.0 1.863e+01
      6.0 3.776e+00
      7.0 1.114e+01
      8.0 4.754e+00
      9.0 1.052e+01
     10.0 4.797e+00
     11.0 5.508e+00
     12.0 5.180e+00
     13.0 4.712e+00
     14.0 5.285e+00
     15.0 4.450e+00
     16.0 5.246e+00
     17.0 5.782e+00
     18.0 5.102e+00
     19.0 5.379e+00
     20.0 4.807e+00
     21.0 5.992e+00
     22.0 6.210e+00
     23.0 4.632e+00
     24.0 5.166e+00
     25.0 4.186e+00
     26.0 5.457e+00
     27.0 4.945e+00
     28.0 3.709e+00
     29.0 3.592e+00
     30.0 3.267e+00
     31.0 4.422e+00
     32.0 4.128e+00
     33.0 3.692e+00
     34.0 3.844e+00
     35.0 3.226e+00
     36.0 3.765e+00
     37.0 3.372e+00
     38.0 3.122e+00
     39.0 3.008e+00
     40.0 2.691e+00
     41.0 2.729e+00
     42.0 2.732e+00
     43.0 2.501e+00
     44.0 2.300e+00
     45.0 2.073e+00
     46.0 2.296e+00
     47.0 2.196e+00
     48.0 2.269e+00
     49.0 2.027e+00
     50.0 2.335e+00
