#Norm : Global Normalization , Reference Feature : TSS, Target feature : ATACseq , Total Sequence Len : 3094411285 , Total Reference Counts : 24479 , Total Target Counts : 182839327
    -50.0 1.691e+01
    -49.0 1.716e+01
    -48.0 1.634e+01
    -47.0 1.665e+01
    -46.0 1.670e+01
    -45.0 1.659e+01
    -44.0 1.613e+01
    -43.0 1.622e+01
    -42.0 1.602e+01
    -41.0 1.638e+01
    -40.0 1.606e+01
    -39.0 1.602e+01
    -38.0 1.634e+01
    -37.0 1.648e+01
    -36.0 1.587e+01
    -35.0 1.550e+01
    -34.0 1.463e+01
    -33.0 1.480e+01
    -32.0 1.502e+01
    -31.0 1.603e+01
    -30.0 1.725e+01
    -29.0 1.755e+01
    -28.0 1.872e+01
    -27.0 1.938e+01
    -26.0 1.960e+01
    -25.0 1.837e+01
    -24.0 1.647e+01
    -23.0 1.564e+01
    -22.0 1.516e+01
    -21.0 1.577e+01
    -20.0 1.542e+01
    -19.0 1.477e+01
    -18.0 1.439e+01
    -17.0 1.493e+01
    -16.0 1.586e+01
    -15.0 1.633e+01
    -14.0 1.596e+01
    -13.0 1.540e+01
    -12.0 1.497e+01
    -11.0 1.641e+01
    -10.0 2.018e+01
     -9.0 1.366e+01
     -8.0 1.653e+01
     -7.0 1.197e+01
     -6.0 1.784e+01
     -5.0 1.791e+01
     -4.0 1.010e+01
     -3.0 1.642e+01
     -2.0 1.336e+01
     -1.0 2.289e+01
      0.0 2.601e+01
      1.0 1.526e+01
      2.0 1.657e+01
      3.0 1.028e+01
      4.0 1.732e+01
      5.0 2.425e+01
      6.0 1.252e+01
      7.0 1.889e+01
      8.0 1.209e+01
      9.0 1.847e+01
     10.0 1.480e+01
     11.0 1.595e+01
     12.0 1.468e+01
     13.0 1.416e+01
     14.0 1.456e+01
     15.0 1.470e+01
     16.0 1.642e+01
     17.0 1.636e+01
     18.0 1.565e+01
     19.0 1.572e+01
     20.0 1.598e+01
     21.0 1.718e+01
     22.0 1.705e+01
     23.0 1.542e+01
     24.0 1.516e+01
     25.0 1.507e+01
     26.0 1.629e+01
     27.0 1.554e+01
     28.0 1.418e+01
     29.0 1.355e+01
     30.0 1.356e+01
     31.0 1.377e+01
     32.0 1.385e+01
     33.0 1.420e+01
     34.0 1.399e+01
     35.0 1.449e+01
     36.0 1.399e+01
     37.0 1.367e+01
     38.0 1.384e+01
     39.0 1.313e+01
     40.0 1.320e+01
     41.0 1.250e+01
     42.0 1.267e+01
     43.0 1.156e+01
     44.0 1.127e+01
     45.0 1.109e+01
     46.0 1.109e+01
     47.0 1.127e+01
     48.0 1.134e+01
     49.0 1.178e+01
     50.0 1.131e+01
