#Norm : Global Normalization , Reference Feature : TSS, Target feature : ATAC , Total Sequence Len : 132374423 , Total Reference Counts : 6398 , Total Target Counts : 13582524
    -50.0 6.675e+00
    -49.0 6.440e+00
    -48.0 6.588e+00
    -47.0 6.232e+00
    -46.0 6.075e+00
    -45.0 6.258e+00
    -44.0 6.017e+00
    -43.0 6.376e+00
    -42.0 6.238e+00
    -41.0 6.188e+00
    -40.0 6.565e+00
    -39.0 5.959e+00
    -38.0 5.974e+00
    -37.0 6.611e+00
    -36.0 6.270e+00
    -35.0 6.695e+00
    -34.0 5.383e+00
    -33.0 5.712e+00
    -32.0 6.244e+00
    -31.0 6.606e+00
    -30.0 8.253e+00
    -29.0 7.725e+00
    -28.0 7.001e+00
    -27.0 6.709e+00
    -26.0 6.768e+00
    -25.0 6.574e+00
    -24.0 6.745e+00
    -23.0 5.679e+00
    -22.0 6.844e+00
    -21.0 5.729e+00
    -20.0 6.055e+00
    -19.0 6.396e+00
    -18.0 6.238e+00
    -17.0 6.977e+00
    -16.0 6.346e+00
    -15.0 6.448e+00
    -14.0 6.124e+00
    -13.0 6.195e+00
    -12.0 5.560e+00
    -11.0 5.831e+00
    -10.0 8.722e+00
     -9.0 4.896e+00
     -8.0 3.814e+00
     -7.0 6.955e+00
     -6.0 4.375e+00
     -5.0 1.206e+01
     -4.0 1.245e+00
     -3.0 5.466e+00
     -2.0 6.229e+00
     -1.0 7.379e+00
      0.0 1.292e+01
      1.0 2.641e+00
      2.0 2.795e+00
      3.0 5.178e+00
      4.0 3.968e+00
      5.0 1.668e+01
      6.0 1.737e+00
      7.0 3.682e+00
      8.0 3.688e+00
      9.0 1.018e+01
     10.0 4.923e+00
     11.0 5.481e+00
     12.0 4.605e+00
     13.0 3.830e+00
     14.0 2.973e+00
     15.0 3.225e+00
     16.0 4.683e+00
     17.0 8.608e+00
     18.0 3.997e+00
     19.0 7.450e+00
     20.0 2.647e+00
     21.0 4.456e+00
     22.0 6.759e+00
     23.0 3.205e+00
     24.0 4.724e+00
     25.0 4.890e+00
     26.0 5.313e+00
     27.0 1.013e+01
     28.0 2.503e+00
     29.0 3.811e+00
     30.0 3.667e+00
     31.0 4.235e+00
     32.0 9.287e+00
     33.0 2.192e+00
     34.0 4.538e+00
     35.0 3.522e+00
     36.0 4.890e+00
     37.0 3.703e+00
     38.0 3.048e+00
     39.0 3.181e+00
     40.0 3.609e+00
     41.0 3.338e+00
     42.0 3.465e+00
     43.0 3.124e+00
     44.0 3.438e+00
     45.0 3.045e+00
     46.0 2.759e+00
     47.0 2.906e+00
     48.0 2.948e+00
     49.0 3.005e+00
     50.0 3.040e+00
