#Norm : Global Normalization , Reference Feature : TSS, Target feature : ATAC , Total Sequence Len : 133095462 , Total Reference Counts : 4863 , Total Target Counts : 13582524
    -50.0 6.230e+00
    -49.0 6.555e+00
    -48.0 6.720e+00
    -47.0 6.835e+00
    -46.0 6.841e+00
    -45.0 6.154e+00
    -44.0 6.140e+00
    -43.0 5.918e+00
    -42.0 6.291e+00
    -41.0 5.412e+00
    -40.0 5.880e+00
    -39.0 5.588e+00
    -38.0 6.152e+00
    -37.0 6.502e+00
    -36.0 6.118e+00
    -35.0 6.186e+00
    -34.0 5.775e+00
    -33.0 6.174e+00
    -32.0 6.222e+00
    -31.0 6.732e+00
    -30.0 7.405e+00
    -29.0 6.817e+00
    -28.0 7.830e+00
    -27.0 7.032e+00
    -26.0 7.476e+00
    -25.0 7.383e+00
    -24.0 7.439e+00
    -23.0 7.308e+00
    -22.0 7.379e+00
    -21.0 6.857e+00
    -20.0 6.432e+00
    -19.0 6.309e+00
    -18.0 6.537e+00
    -17.0 6.958e+00
    -16.0 6.339e+00
    -15.0 7.198e+00
    -14.0 6.126e+00
    -13.0 5.842e+00
    -12.0 5.410e+00
    -11.0 6.390e+00
    -10.0 8.151e+00
     -9.0 6.456e+00
     -8.0 8.010e+00
     -7.0 5.295e+00
     -6.0 8.753e+00
     -5.0 4.822e+00
     -4.0 5.805e+00
     -3.0 4.363e+00
     -2.0 6.158e+00
     -1.0 7.585e+00
      0.0 8.644e+00
      1.0 6.631e+00
      2.0 6.081e+00
      3.0 3.018e+00
      4.0 7.877e+00
      5.0 4.435e+00
      6.0 6.621e+00
      7.0 5.088e+00
      8.0 6.051e+00
      9.0 5.439e+00
     10.0 5.289e+00
     11.0 5.007e+00
     12.0 4.713e+00
     13.0 4.121e+00
     14.0 3.909e+00
     15.0 4.864e+00
     16.0 4.911e+00
     17.0 4.973e+00
     18.0 5.541e+00
     19.0 4.905e+00
     20.0 5.549e+00
     21.0 5.674e+00
     22.0 4.953e+00
     23.0 5.235e+00
     24.0 4.475e+00
     25.0 5.467e+00
     26.0 5.396e+00
     27.0 4.526e+00
     28.0 5.088e+00
     29.0 4.258e+00
     30.0 4.439e+00
     31.0 4.459e+00
     32.0 3.696e+00
     33.0 4.530e+00
     34.0 4.105e+00
     35.0 3.736e+00
     36.0 3.561e+00
     37.0 3.151e+00
     38.0 3.073e+00
     39.0 3.123e+00
     40.0 2.952e+00
     41.0 2.847e+00
     42.0 2.738e+00
     43.0 2.587e+00
     44.0 2.291e+00
     45.0 2.237e+00
     46.0 2.132e+00
     47.0 2.067e+00
     48.0 2.116e+00
     49.0 2.331e+00
     50.0 2.160e+00
