#Norm : Global Normalization , Reference Feature : TSS, Target feature : ATACseq , Total Sequence Len : 3094411285 , Total Reference Counts : 976 , Total Target Counts : 182839327
    -50.0 1.907e+01
    -49.0 1.939e+01
    -48.0 1.897e+01
    -47.0 1.713e+01
    -46.0 1.717e+01
    -45.0 1.989e+01
    -44.0 1.880e+01
    -43.0 1.895e+01
    -42.0 1.854e+01
    -41.0 1.637e+01
    -40.0 1.746e+01
    -39.0 1.594e+01
    -38.0 1.890e+01
    -37.0 2.112e+01
    -36.0 1.887e+01
    -35.0 1.659e+01
    -34.0 1.713e+01
    -33.0 1.595e+01
    -32.0 1.717e+01
    -31.0 1.675e+01
    -30.0 2.037e+01
    -29.0 1.802e+01
    -28.0 2.185e+01
    -27.0 2.464e+01
    -26.0 2.362e+01
    -25.0 2.110e+01
    -24.0 1.838e+01
    -23.0 1.672e+01
    -22.0 1.793e+01
    -21.0 2.072e+01
    -20.0 1.666e+01
    -19.0 1.462e+01
    -18.0 1.302e+01
    -17.0 1.566e+01
    -16.0 1.937e+01
    -15.0 1.933e+01
    -14.0 1.819e+01
    -13.0 1.687e+01
    -12.0 1.524e+01
    -11.0 1.959e+01
    -10.0 2.053e+01
     -9.0 1.831e+01
     -8.0 1.810e+01
     -7.0 1.138e+01
     -6.0 1.275e+01
     -5.0 1.226e+01
     -4.0 2.280e+01
     -3.0 1.229e+01
     -2.0 1.568e+01
     -1.0 1.280e+01
      0.0 1.157e+01
      1.0 1.732e+01
      2.0 1.836e+01
      3.0 1.868e+01
      4.0 2.674e+01
      5.0 1.262e+01
      6.0 2.932e+01
      7.0 1.056e+01
      8.0 1.904e+01
      9.0 1.226e+01
     10.0 1.545e+01
     11.0 1.219e+01
     12.0 1.802e+01
     13.0 1.465e+01
     14.0 1.739e+01
     15.0 1.533e+01
     16.0 1.710e+01
     17.0 1.914e+01
     18.0 1.848e+01
     19.0 1.770e+01
     20.0 1.717e+01
     21.0 1.859e+01
     22.0 1.992e+01
     23.0 1.665e+01
     24.0 1.659e+01
     25.0 1.512e+01
     26.0 1.672e+01
     27.0 1.857e+01
     28.0 1.637e+01
     29.0 1.606e+01
     30.0 1.396e+01
     31.0 1.509e+01
     32.0 1.672e+01
     33.0 1.585e+01
     34.0 1.444e+01
     35.0 1.460e+01
     36.0 1.654e+01
     37.0 1.880e+01
     38.0 1.630e+01
     39.0 1.254e+01
     40.0 1.363e+01
     41.0 1.122e+01
     42.0 1.313e+01
     43.0 1.236e+01
     44.0 1.113e+01
     45.0 1.035e+01
     46.0 1.394e+01
     47.0 1.150e+01
     48.0 1.299e+01
     49.0 1.195e+01
     50.0 9.884e+00
