#Norm : Global Normalization , Reference Feature : TSS, Target feature : ATACseq , Total Sequence Len : 3094411285 , Total Reference Counts : 636 , Total Target Counts : 182839327
    -50.0 1.525e+01
    -49.0 1.232e+01
    -48.0 1.522e+01
    -47.0 1.413e+01
    -46.0 1.418e+01
    -45.0 1.227e+01
    -44.0 1.482e+01
    -43.0 1.339e+01
    -42.0 1.307e+01
    -41.0 1.312e+01
    -40.0 1.349e+01
    -39.0 1.259e+01
    -38.0 1.320e+01
    -37.0 1.328e+01
    -36.0 1.368e+01
    -35.0 1.354e+01
    -34.0 1.253e+01
    -33.0 1.182e+01
    -32.0 1.315e+01
    -31.0 1.110e+01
    -30.0 1.706e+01
    -29.0 1.373e+01
    -28.0 1.650e+01
    -27.0 1.354e+01
    -26.0 1.535e+01
    -25.0 1.474e+01
    -24.0 1.514e+01
    -23.0 1.490e+01
    -22.0 1.251e+01
    -21.0 1.064e+01
    -20.0 1.525e+01
    -19.0 1.317e+01
    -18.0 1.320e+01
    -17.0 1.208e+01
    -16.0 1.251e+01
    -15.0 1.658e+01
    -14.0 1.440e+01
    -13.0 1.448e+01
    -12.0 1.221e+01
    -11.0 1.152e+01
    -10.0 1.828e+01
     -9.0 9.819e+00
     -8.0 9.979e+00
     -7.0 1.650e+01
     -6.0 1.011e+01
     -5.0 2.392e+01
     -4.0 3.034e+00
     -3.0 1.416e+01
     -2.0 1.232e+01
     -1.0 2.477e+01
      0.0 3.390e+01
      1.0 8.861e+00
      2.0 6.653e+00
      3.0 7.664e+00
      4.0 9.872e+00
      5.0 4.412e+01
      6.0 7.398e+00
      7.0 1.860e+01
      8.0 7.664e+00
      9.0 2.791e+01
     10.0 1.448e+01
     11.0 1.299e+01
     12.0 1.003e+01
     13.0 8.462e+00
     14.0 9.686e+00
     15.0 1.280e+01
     16.0 1.570e+01
     17.0 1.676e+01
     18.0 7.424e+00
     19.0 1.557e+01
     20.0 1.072e+01
     21.0 1.184e+01
     22.0 1.695e+01
     23.0 6.120e+00
     24.0 1.195e+01
     25.0 9.979e+00
     26.0 1.288e+01
     27.0 1.456e+01
     28.0 7.132e+00
     29.0 9.660e+00
     30.0 6.440e+00
     31.0 1.104e+01
     32.0 1.804e+01
     33.0 7.025e+00
     34.0 1.897e+01
     35.0 9.952e+00
     36.0 9.686e+00
     37.0 1.232e+01
     38.0 9.553e+00
     39.0 1.235e+01
     40.0 1.094e+01
     41.0 1.216e+01
     42.0 1.017e+01
     43.0 1.003e+01
     44.0 8.595e+00
     45.0 1.128e+01
     46.0 1.107e+01
     47.0 9.447e+00
     48.0 9.633e+00
     49.0 1.232e+01
     50.0 1.030e+01
